         442.97377104363500       
         428.80227969495093       
         426.32595461412035       
         424.86196807533082       
         420.55599401521829       
         447.64527067668058       
         442.09079829854272       
         434.54147917228022       
         428.19069806012277       
         426.13862754594140       
         455.22271475792854       
         448.35244393463915       
         444.42023466471443       
         441.16646297986233       
         431.65945653136430       
         459.33966649315869       
         447.30831780519321       
         446.08598611420183       
         437.09664384904005       
         431.40581552366433       
         454.88057420895240       
         444.16454965115560       
         442.73120262456428       
         435.28082501040012       
         428.74606583026133       
         442.97377104363500       
         428.80227969495093       
         426.32595461412035       
         424.86196807533082       
         420.55599401521829       
         447.64527067668058       
         442.09079829854272       
         434.54147917228022       
         428.19069806012277       
         426.13862754594140       
         455.22271475792854       
         448.35244393463915       
         444.42023466471443       
         441.16646297986233       
         431.65945653136430       
         459.33966649315869       
         447.30831780519321       
         446.08598611420183       
         437.09664384904005       
         431.40581552366433       
         454.88057420895240       
         444.16454965115560       
         442.73120262456428       
         435.28082501040012       
         428.80227969495093       
         426.32595461412035       
         424.86196807533082       
         420.55599401521829       
         447.64527067668058       
         442.09079829854272       
         434.54147917228022       
         428.19069806012277       
         426.13862754594140       
         455.22271475792854       
         448.35244393463915       
         444.42023466471443       
         441.16646297986233       
         431.65945653136430       
         459.33966649315869       
         447.30831780519321       
         446.08598611420183       
         437.09664384904005       
         431.40581552366433       
         454.88057420895240       
         444.16454965115560       
         442.73120262456428       
         435.28082501040012       
         428.80227969495093       
         426.32595461412035       
         424.86196807533082       
         420.55599401521829       
         447.64527067668058       
         442.09079829854272       
         434.54147917228022       
         428.19069806012277       
         426.13862754594140       
         455.22271475792854       
         448.35244393463915       
         444.42023466471443       
         441.16646297986233       
         431.65945653136430       
         459.33966649315869       
         447.30831780519321       
         446.08598611420183       
         437.09664384904005       
         431.40581552366433       
         454.88057420895240       
         444.16454965115560       
         442.73120262456428       
         435.28082501040012       
         428.74606583026133    
         446.08598611420183       
         437.09664384904005       
         431.40581552366433       
         454.88057420895240       
         444.16454965115560       
         442.73120262456428       
         435.28082501040012       
         428.74606583026133       
         442.97377104363500       
         428.80227969495093       
         426.32595461412035       
         424.86196807533082       
         420.55599401521829       
         447.64527067668058       
         442.09079829854272       
         434.54147917228022       
         428.19069806012277       
         426.13862754594140       
         455.22271475792854       
         448.35244393463915       
         444.42023466471443       
         441.16646297986233       
         431.65945653136430       
         459.33966649315869       
         447.30831780519321       
         446.08598611420183       
         437.09664384904005       
         431.40581552366433       
         454.88057420895240       
         444.16454965115560       
         442.73120262456428       
         435.28082501040012       
         428.80227969495093       
         426.32595461412035       
         424.86196807533082       
         420.55599401521829       
         447.64527067668058       
         442.09079829854272       
         434.54147917228022       
         428.19069806012277       
         426.13862754594140       
         455.22271475792854       
         448.35244393463915       
         444.42023466471443       
         441.16646297986233       
         431.65945653136430       
         459.33966649315869       
         447.30831780519321       
         446.08598611420183       
         437.09664384904005       
         431.40581552366433       
         454.88057420895240       
         444.16454965115560       
         442.73120262456428       
         435.28082501040012       
         428.80227969495093       
         426.32595461412035       
         424.86196807533082       
         420.55599401521829       
         447.64527067668058       
         442.09079829854272       
         434.54147917228022       
         428.19069806012277       
         426.13862754594140       
         455.22271475792854       
         448.35244393463915       
         444.42023466471443       
         441.16646297986233       
         431.65945653136430       
         459.33966649315869       
         447.30831780519321       
         446.08598611420183       
         437.09664384904005       
         431.40581552366433       
         454.88057420895240       
         444.16454965115560       
         442.73120262456428       
         435.28082501040012       
         428.74606583026133 
         444.42023466471443       
         441.16646297986233       
         431.65945653136430       
         459.33966649315869       
         447.30831780519321       
         446.08598611420183       
         437.09664384904005       
         431.40581552366433       
         454.88057420895240       
         444.16454965115560       
         442.73120262456428       
         435.28082501040012       
         428.80227969495093       
         426.32595461412035       
         424.86196807533082       
         420.55599401521829       
         447.64527067668058       
         442.09079829854272       
         434.54147917228022       
         428.19069806012277       
         426.13862754594140       
         455.22271475792854       
         448.35244393463915       
         444.42023466471443       
         441.16646297986233       
         431.65945653136430       
         459.33966649315869       
         447.30831780519321       
         446.08598611420183       
         437.09664384904005       
         431.40581552366433       
         454.88057420895240       
         444.16454965115560       
         442.73120262456428       
         435.28082501040012       
         441.16646297986233       
         431.65945653136430       
         459.33966649315869       
         447.30831780519321       
         446.08598611420183       
         437.09664384904005       
         431.40581552366433       
         454.88057420895240       
         444.16454965115560       
         442.73120262456428       
         435.28082501040012       
         428.80227969495093       
         426.32595461412035       
         424.86196807533082       
         420.55599401521829       
         447.64527067668058       
         442.09079829854272       
         434.54147917228022       
         428.19069806012277       
         426.13862754594140       
         455.22271475792854       
         448.35244393463915       
         444.42023466471443       
         441.16646297986233       
         431.65945653136430       
         459.33966649315869       
         447.30831780519321       
         446.08598611420183       
         437.09664384904005       
         431.40581552366433       
         454.88057420895240       
         444.16454965115560       
         442.73120262456428       
         435.28082501040012       
         459.33966649315869       
         447.30831780519321       
         446.08598611420183       
         437.09664384904005       
         431.40581552366433       
         454.88057420895240       
         444.16454965115560       
         442.73120262456428       
         435.28082501040012       
         428.74606583026133          
	 428.74606583026133 
	 428.74606583026133 
